{
  "subject_id": "A05E",
  "data_info": {
    "num_trials": 15,
    "num_samples": 14820,
    "num_classes": 4,
    "label_distribution": [
      11856,
      988,
      988,
      988
    ]
  },
  "non_attention": {
    "fast_rnn": {
      "model_name": "Fast RNN (Multi-class)",
      "accuracy": 0.8012149848126898,
      "auc": 0.5007024692805719,
      "precision": 0.6419454518883988,
      "recall": 0.8012149848126898,
      "f1_score": 0.7127915960072422,
      "training_time": 11.623749256134033,
      "inference_time": 1.0013580322265625e-05,
      "memory_usage": 0.0,
      "num_parameters": 13316,
      "confusion_matrix": [
        [
          2374,
          0,
          0,
          0
        ],
        [
          196,
          0,
          0,
          0
        ],
        [
          189,
          0,
          0,
          0
        ],
        [
          204,
          0,
          0,
          0
        ]
      ],
      "classification_report": "              precision    recall  f1-score   support\n\n           0       0.80      1.00      0.89      2374\n           1       0.00      0.00      0.00       196\n           2       0.00      0.00      0.00       189\n           3       0.00      0.00      0.00       204\n\n    accuracy                           0.80      2963\n   macro avg       0.20      0.25      0.22      2963\nweighted avg       0.64      0.80      0.71      2963\n",
      "timestamp": "2025-08-01T18:37:18.395978"
    },
    "slow_rnn": {
      "model_name": "Slow RNN (Multi-class)",
      "accuracy": 0.8012149848126898,
      "auc": 0.5299451024886838,
      "precision": 0.6419454518883988,
      "recall": 0.8012149848126898,
      "f1_score": 0.7127915960072422,
      "training_time": 11.623749256134033,
      "inference_time": 1.4066696166992188e-05,
      "memory_usage": 0.0,
      "num_parameters": 1348,
      "confusion_matrix": [
        [
          2374,
          0,
          0,
          0
        ],
        [
          196,
          0,
          0,
          0
        ],
        [
          189,
          0,
          0,
          0
        ],
        [
          204,
          0,
          0,
          0
        ]
      ],
      "classification_report": "              precision    recall  f1-score   support\n\n           0       0.80      1.00      0.89      2374\n           1       0.00      0.00      0.00       196\n           2       0.00      0.00      0.00       189\n           3       0.00      0.00      0.00       204\n\n    accuracy                           0.80      2963\n   macro avg       0.20      0.25      0.22      2963\nweighted avg       0.64      0.80      0.71      2963\n",
      "timestamp": "2025-08-01T18:37:18.476247"
    },
    "integration_rnn": {
      "model_name": "Hierarchical RNN (Multi-class)",
      "accuracy": 0.8012149848126898,
      "auc": 0.5302169844156533,
      "precision": 0.6419454518883988,
      "recall": 0.8012149848126898,
      "f1_score": 0.7127915960072422,
      "training_time": 11.623749256134033,
      "inference_time": 0.0013549327850341797,
      "memory_usage": 0.0625,
      "num_parameters": 2164,
      "confusion_matrix": [
        [
          2374,
          0,
          0,
          0
        ],
        [
          196,
          0,
          0,
          0
        ],
        [
          189,
          0,
          0,
          0
        ],
        [
          204,
          0,
          0,
          0
        ]
      ],
      "classification_report": "              precision    recall  f1-score   support\n\n           0       0.80      1.00      0.89      2374\n           1       0.00      0.00      0.00       196\n           2       0.00      0.00      0.00       189\n           3       0.00      0.00      0.00       204\n\n    accuracy                           0.80      2963\n   macro avg       0.20      0.25      0.22      2963\nweighted avg       0.64      0.80      0.71      2963\n",
      "timestamp": "2025-08-01T18:37:18.508366"
    }
  },
  "attention": {
    "accuracy": 80.05399932500843,
    "attention_analysis": {
      "fast": {
        "class_0": [
          [
            0.10083960741758347,
            0.10038255900144577,
            0.10010982304811478,
            0.09995076060295105,
            0.09985947608947754,
            0.099807970225811,
            0.09977936744689941,
            0.09976375848054886,
            0.09975551068782806,
            0.09975118935108185
          ],
          [
            0.10112038254737854,
            0.10050952434539795,
            0.10014558583498001,
            0.09993360191583633,
            0.09981215745210648,
            0.09974383562803268,
            0.09970594197511673,
            0.0996854305267334,
            0.09967456758022308,
            0.0996689721941948
          ],
          [
            0.10127639025449753,
            0.10057949274778366,
            0.10016476362943649,
            0.09992348402738571,
            0.09978558868169785,
            0.099708192050457,
            0.09966550767421722,
            0.09964240342378616,
            0.09963024407625198,
            0.09962404519319534
          ],
          [
            0.10136032104492188,
            0.10061657428741455,
            0.1001744195818901,
            0.09991753101348877,
            0.09977105259895325,
            0.09968901425600052,
            0.09964393824338913,
            0.09961963444948196,
            0.09960698336362839,
            0.09960055351257324
          ],
          [
            0.10140401870012283,
            0.10063552111387253,
            0.10017895698547363,
            0.0999140813946724,
            0.09976334124803543,
            0.09967909008264542,
            0.0996328666806221,
            0.0996081605553627,
            0.09959522634744644,
            0.09958875924348831
          ],
          [
            0.10142577439546585,
            0.10064459592103958,
            0.10018087178468704,
            0.09991215914487839,
            0.09975934773683548,
            0.09967411309480667,
            0.09962750226259232,
            0.0996025875210762,
            0.09958970546722412,
            0.09958326071500778
          ],
          [
            0.10143601149320602,
            0.10064864903688431,
            0.10018157213926315,
            0.09991099685430527,
            0.09975742548704147,
            0.09967184066772461,
            0.0996251106262207,
            0.09960019588470459,
            0.0995873212814331,
            0.09958089143037796
          ],
          [
            0.10144031047821045,
            0.10065019875764847,
            0.10018158704042435,
            0.09991038590669632,
            0.09975648671388626,
            0.0996708795428276,
            0.0996241569519043,
            0.09959931671619415,
            0.09958648681640625,
            0.09958014637231827
          ],
          [
            0.10144175589084625,
            0.10065066069364548,
            0.1001814603805542,
            0.09991002827882767,
            0.09975612908601761,
            0.09967053681612015,
            0.0996239110827446,
            0.09959912300109863,
            0.0995863601565361,
            0.09958004206418991
          ],
          [
            0.10144198685884476,
            0.10065054148435593,
            0.1001812294125557,
            0.09990989416837692,
            0.09975600987672806,
            0.09967052191495895,
            0.09962392598390579,
            0.09959922730922699,
            0.09958647936582565,
            0.09958016872406006
          ]
        ],
        "class_1": [
          [
            0.10083961486816406,
            0.10038256645202637,
            0.10010982304811478,
            0.09995075315237045,
            0.09985947608947754,
            0.0998079776763916,
            0.09977936744689941,
            0.09976377338171005,
            0.09975549578666687,
            0.09975118190050125
          ],
          [
            0.10112038999795914,
            0.10050953924655914,
            0.1001456007361412,
            0.09993358701467514,
            0.09981215745210648,
            0.0997438132762909,
            0.09970594942569733,
            0.0996854305267334,
            0.09967455267906189,
            0.0996689423918724
          ],
          [
            0.10127636045217514,
            0.10057948529720306,
            0.10016476362943649,
            0.09992348402738571,
            0.09978560358285904,
            0.099708192050457,
            0.09966547787189484,
            0.09964240342378616,
            0.09963025152683258,
            0.09962404519319534
          ],
          [
            0.10136032104492188,
            0.10061657428741455,
            0.1001744195818901,
            0.09991753101348877,
            0.09977107495069504,
            0.09968902170658112,
            0.09964393824338913,
            0.09961964190006256,
            0.09960697591304779,
            0.09960055351257324
          ],
          [
            0.10140402615070343,
            0.10063552111387253,
            0.10017895698547363,
            0.09991408884525299,
            0.09976334124803543,
            0.09967908263206482,
            0.0996328592300415,
            0.09960814565420151,
            0.09959524124860764,
            0.09958875924348831
          ],
          [
            0.10142576694488525,
            0.10064460337162018,
            0.10018087923526764,
            0.09991215169429779,
            0.09975935518741608,
            0.09967412054538727,
            0.09962749481201172,
            0.0996026024222374,
            0.09958970546722412,
            0.09958326071500778
          ],
          [
            0.10143598914146423,
            0.1006486564874649,
            0.10018157213926315,
            0.09991101175546646,
            0.09975743293762207,
            0.09967183321714401,
            0.09962509572505951,
            0.09960019588470459,
            0.0995873212814331,
            0.09958089888095856
          ],
          [
            0.10144031047821045,
            0.10065020620822906,
            0.10018158704042435,
            0.09991038590669632,
            0.09975651651620865,
            0.09967087209224701,
            0.0996241495013237,
            0.09959930926561356,
            0.09958648681640625,
            0.09958013147115707
          ],
          [
            0.10144175589084625,
            0.10065063089132309,
            0.1001814603805542,
            0.09991004317998886,
            0.0997561365365982,
            0.09967052936553955,
            0.0996239110827446,
            0.09959912300109863,
            0.0995863601565361,
            0.09958004206418991
          ],
          [
            0.10144198685884476,
            0.10065054893493652,
            0.1001812294125557,
            0.09990988671779633,
            0.09975600987672806,
            0.09967051446437836,
            0.09962393343448639,
            0.0995992124080658,
            0.09958647936582565,
            0.09958017617464066
          ]
        ],
        "class_2": [
          [
            0.10083960741758347,
            0.10038255155086517,
            0.10010983049869537,
            0.09995073825120926,
            0.09985946863889694,
            0.09980796277523041,
            0.09977935999631882,
            0.09976378083229065,
            0.09975550323724747,
            0.09975118190050125
          ],
          [
            0.10112039744853973,
            0.10050953924655914,
            0.10014559328556061,
            0.09993358701467514,
            0.09981215745210648,
            0.09974383562803268,
            0.09970594942569733,
            0.099685437977314,
            0.09967456758022308,
            0.0996689572930336
          ],
          [
            0.10127636790275574,
            0.10057946294546127,
            0.10016476362943649,
            0.09992348402738571,
            0.09978560358285904,
            0.0997081845998764,
            0.09966548532247543,
            0.09964240342378616,
            0.09963025152683258,
            0.09962405264377594
          ],
          [
            0.10136032104492188,
            0.10061657428741455,
            0.1001744195818901,
            0.09991753101348877,
            0.09977106004953384,
            0.09968901425600052,
            0.09964393079280853,
            0.09961964935064316,
            0.09960698336362839,
            0.09960056096315384
          ],
          [
            0.10140403360128403,
            0.10063552111387253,
            0.10017894953489304,
            0.0999140813946724,
            0.09976334124803543,
            0.09967906773090363,
            0.0996328666806221,
            0.09960813820362091,
            0.09959523379802704,
            0.09958876669406891
          ],
          [
            0.10142577439546585,
            0.10064459592103958,
            0.10018087923526764,
            0.0999121442437172,
            0.09975935518741608,
            0.09967412054538727,
            0.09962750226259232,
            0.0996026024222374,
            0.09958970546722412,
            0.09958325326442719
          ],
          [
            0.10143601149320602,
            0.1006486564874649,
            0.10018157213926315,
            0.09991101920604706,
            0.09975741803646088,
            0.09967184066772461,
            0.0996251106262207,
            0.09960019588470459,
            0.0995873212814331,
            0.09958089143037796
          ],
          [
            0.10144031047821045,
            0.10065021365880966,
            0.10018158704042435,
            0.09991038590669632,
            0.09975650161504745,
            0.0996708795428276,
            0.0996241569519043,
            0.09959930926561356,
            0.09958648681640625,
            0.09958012402057648
          ],
          [
            0.10144178569316864,
            0.10065066069364548,
            0.1001814603805542,
            0.09991003572940826,
            0.0997561365365982,
            0.09967052936553955,
            0.099623903632164,
            0.09959911555051804,
            0.0995863601565361,
            0.09958003461360931
          ],
          [
            0.10144198685884476,
            0.10065053403377533,
            0.1001812294125557,
            0.09990988671779633,
            0.09975601732730865,
            0.09967051446437836,
            0.09962393343448639,
            0.0995992124080658,
            0.09958647936582565,
            0.09958018362522125
          ]
        ],
        "class_3": [
          [
            0.10083960741758347,
            0.10038255900144577,
            0.10010982304811478,
            0.09995074570178986,
            0.09985947608947754,
            0.0998079776763916,
            0.09977936744689941,
            0.09976377338171005,
            0.09975550323724747,
            0.09975119680166245
          ],
          [
            0.10112038999795914,
            0.10050953924655914,
            0.1001456007361412,
            0.09993359446525574,
            0.09981216490268707,
            0.09974382072687149,
            0.09970594197511673,
            0.0996854305267334,
            0.09967456012964249,
            0.0996689572930336
          ],
          [
            0.10127636790275574,
            0.10057947784662247,
            0.1001647487282753,
            0.09992346912622452,
            0.09978560358285904,
            0.0997081995010376,
            0.09966549277305603,
            0.09964241087436676,
            0.09963025152683258,
            0.09962406009435654
          ],
          [
            0.10136032104492188,
            0.10061657428741455,
            0.10017440468072891,
            0.09991753101348877,
            0.09977106750011444,
            0.09968900680541992,
            0.09964393824338913,
            0.09961965680122375,
            0.09960698336362839,
            0.09960055351257324
          ],
          [
            0.10140402615070343,
            0.10063550621271133,
            0.10017895698547363,
            0.09991408884525299,
            0.09976334124803543,
            0.09967908263206482,
            0.0996328741312027,
            0.0996081531047821,
            0.09959524869918823,
            0.09958875924348831
          ],
          [
            0.10142577439546585,
            0.10064461082220078,
            0.10018086433410645,
            0.09991215169429779,
            0.09975934773683548,
            0.09967412054538727,
            0.09962750971317291,
            0.0996025949716568,
            0.09958969801664352,
            0.09958326071500778
          ],
          [
            0.10143599659204483,
            0.1006486564874649,
            0.10018155723810196,
            0.09991101920604706,
            0.09975742548704147,
            0.09967184066772461,
            0.0996251106262207,
            0.09960020333528519,
            0.0995873287320137,
            0.09958089888095856
          ],
          [
            0.10144030302762985,
            0.10065022855997086,
            0.10018157958984375,
            0.09991037845611572,
            0.09975650161504745,
            0.09967087209224701,
            0.0996241569519043,
            0.09959932416677475,
            0.09958648681640625,
            0.09958012402057648
          ],
          [
            0.10144176334142685,
            0.10065065324306488,
            0.1001814603805542,
            0.09991003572940826,
            0.0997561439871788,
            0.09967052936553955,
            0.0996239185333252,
            0.09959912300109863,
            0.0995863527059555,
            0.09958004206418991
          ],
          [
            0.10144198685884476,
            0.10065053403377533,
            0.1001812294125557,
            0.09990988671779633,
            0.09975601732730865,
            0.09967051446437836,
            0.09962393343448639,
            0.09959921985864639,
            0.09958648681640625,
            0.09958018362522125
          ]
        ]
      },
      "slow": {
        "class_0": [
          [
            0.10002660751342773,
            0.10001706331968307,
            0.10000789910554886,
            0.10000108927488327,
            0.09999629855155945,
            0.09999311715364456,
            0.099991075694561,
            0.09998974204063416,
            0.09998884052038193,
            0.09998831897974014
          ],
          [
            0.10003601759672165,
            0.10002564638853073,
            0.10001290589570999,
            0.10000252723693848,
            0.09999512881040573,
            0.09999013692140579,
            0.09998690336942673,
            0.09998477250337601,
            0.09998344630002975,
            0.09998252987861633
          ],
          [
            0.10004173964262009,
            0.10003005713224411,
            0.10001516342163086,
            0.10000299662351608,
            0.09999429434537888,
            0.09998846054077148,
            0.09998467564582825,
            0.09998226910829544,
            0.09998071938753128,
            0.09997975081205368
          ],
          [
            0.10004567354917526,
            0.10003255307674408,
            0.10001622885465622,
            0.10000298917293549,
            0.09999358654022217,
            0.09998738765716553,
            0.09998340904712677,
            0.09998083859682083,
            0.09997927397489548,
            0.09997821599245071
          ],
          [
            0.10004853457212448,
            0.10003399103879929,
            0.10001660883426666,
            0.10000276565551758,
            0.0999930277466774,
            0.09998666495084763,
            0.0999826118350029,
            0.09998000413179398,
            0.09997843950986862,
            0.09997738152742386
          ],
          [
            0.10005057603120804,
            0.10003484040498734,
            0.10001682490110397,
            0.10000253468751907,
            0.09999262541532516,
            0.09998616576194763,
            0.09998203068971634,
            0.09997951239347458,
            0.09997787326574326,
            0.09997689723968506
          ],
          [
            0.1000521183013916,
            0.10003542900085449,
            0.10001684725284576,
            0.10000230371952057,
            0.0999923050403595,
            0.09998583048582077,
            0.09998173266649246,
            0.09997916966676712,
            0.09997760504484177,
            0.09997663646936417
          ],
          [
            0.10005319863557816,
            0.10003579407930374,
            0.10001684725284576,
            0.10000217705965042,
            0.0999920591711998,
            0.09998559206724167,
            0.09998149424791336,
            0.09997893124818802,
            0.09997738152742386,
            0.09997642040252686
          ],
          [
            0.10005402565002441,
            0.10003603249788284,
            0.10001683980226517,
            0.10000205039978027,
            0.09999191761016846,
            0.09998539090156555,
            0.09998131543397903,
            0.09997881203889847,
            0.09997725486755371,
            0.0999763011932373
          ],
          [
            0.1000545546412468,
            0.10003615915775299,
            0.10001683980226517,
            0.10000193864107132,
            0.0999917984008789,
            0.0999852642416954,
            0.09998119622468948,
            0.09997869282960892,
            0.09997714310884476,
            0.09997618943452835
          ]
        ],
        "class_1": [
          [
            0.10002660006284714,
            0.10001705586910248,
            0.10000793635845184,
            0.10000108182430267,
            0.09999629110097885,
            0.09999311715364456,
            0.099991075694561,
            0.09998972713947296,
            0.09998886287212372,
            0.09998830407857895
          ],
          [
            0.10003602504730225,
            0.10002563893795013,
            0.10001290589570999,
            0.10000252723693848,
            0.09999512135982513,
            0.09999014437198639,
            0.09998690336942673,
            0.09998477250337601,
            0.09998344630002975,
            0.09998253732919693
          ],
          [
            0.10004173964262009,
            0.10003004968166351,
            0.10001515597105026,
            0.10000298917293549,
            0.09999429434537888,
            0.09998845309019089,
            0.09998469054698944,
            0.09998226910829544,
            0.09998071938753128,
            0.09997973591089249
          ],
          [
            0.10004566609859467,
            0.1000325158238411,
            0.10001622885465622,
            0.1000029668211937,
            0.09999358654022217,
            0.09998738765716553,
            0.09998340904712677,
            0.09998084604740143,
            0.09997927397489548,
            0.09997821599245071
          ],
          [
            0.10004852712154388,
            0.1000339612364769,
            0.10001663118600845,
            0.10000277310609818,
            0.09999304264783859,
            0.09998666495084763,
            0.0999826118350029,
            0.09998000413179398,
            0.09997843950986862,
            0.09997738897800446
          ],
          [
            0.10005056858062744,
            0.10003483295440674,
            0.10001682490110397,
            0.10000254213809967,
            0.09999262541532516,
            0.09998616576194763,
            0.09998203814029694,
            0.09997951984405518,
            0.09997789561748505,
            0.09997690469026566
          ],
          [
            0.1000521183013916,
            0.10003542900085449,
            0.10001686960458755,
            0.10000232607126236,
            0.09999231994152069,
            0.09998582303524017,
            0.09998173266649246,
            0.09997916966676712,
            0.09997761249542236,
            0.09997662901878357
          ],
          [
            0.10005319118499756,
            0.10003578662872314,
            0.10001686960458755,
            0.10000216960906982,
            0.09999207407236099,
            0.09998558461666107,
            0.09998150169849396,
            0.0999789610505104,
            0.09997738897800446,
            0.09997642040252686
          ],
          [
            0.10005401819944382,
            0.10003602504730225,
            0.10001684725284576,
            0.10000205039978027,
            0.09999191761016846,
            0.09998539835214615,
            0.09998131543397903,
            0.09997881203889847,
            0.09997725486755371,
            0.0999763011932373
          ],
          [
            0.10005456954240799,
            0.10003618896007538,
            0.10001683235168457,
            0.10000193864107132,
            0.0999917984008789,
            0.0999852865934372,
            0.09998121112585068,
            0.09997870773077011,
            0.09997715801000595,
            0.09997620433568954
          ]
        ],
        "class_2": [
          [
            0.10002660751342773,
            0.10001706331968307,
            0.10000791400671005,
            0.10000108182430267,
            0.09999628365039825,
            0.09999312460422516,
            0.09999106824398041,
            0.09998973459005356,
            0.09998886287212372,
            0.09998830407857895
          ],
          [
            0.10003601759672165,
            0.10002564638853073,
            0.10001290589570999,
            0.10000251978635788,
            0.09999512881040573,
            0.09999014437198639,
            0.09998690336942673,
            0.09998477250337601,
            0.09998343884944916,
            0.09998254477977753
          ],
          [
            0.10004173964262009,
            0.10003004968166351,
            0.10001516342163086,
            0.10000298917293549,
            0.09999428689479828,
            0.09998846054077148,
            0.09998468309640884,
            0.09998226910829544,
            0.09998072683811188,
            0.09997974336147308
          ],
          [
            0.10004567354917526,
            0.10003252327442169,
            0.10001622140407562,
            0.1000029593706131,
            0.09999358654022217,
            0.09998738765716553,
            0.09998340159654617,
            0.09998083859682083,
            0.09997927397489548,
            0.09997822344303131
          ],
          [
            0.10004853457212448,
            0.10003398358821869,
            0.10001663118600845,
            0.10000276565551758,
            0.09999304264783859,
            0.09998665750026703,
            0.0999826118350029,
            0.09998000413179398,
            0.09997843950986862,
            0.09997738897800446
          ],
          [
            0.10005057603120804,
            0.10003484040498734,
            0.10001681745052338,
            0.10000254213809967,
            0.09999262541532516,
            0.09998615086078644,
            0.09998204559087753,
            0.09997950494289398,
            0.09997789561748505,
            0.09997689723968506
          ],
          [
            0.100052110850811,
            0.10003543645143509,
            0.10001687705516815,
            0.10000232607126236,
            0.0999923124909401,
            0.09998582303524017,
            0.09998173266649246,
            0.09997917711734772,
            0.09997759759426117,
            0.09997661411762238
          ],
          [
            0.10005320608615875,
            0.10003579407930374,
            0.10001687705516815,
            0.10000218451023102,
            0.09999208152294159,
            0.09998559206724167,
            0.09998149424791336,
            0.09997894614934921,
            0.09997738897800446,
            0.09997642040252686
          ],
          [
            0.10005401074886322,
            0.10003603994846344,
            0.10001684725284576,
            0.10000205785036087,
            0.09999191761016846,
            0.09998540580272675,
            0.09998131543397903,
            0.09997881948947906,
            0.09997726231813431,
            0.0999763086438179
          ],
          [
            0.10005456209182739,
            0.10003618150949478,
            0.10001684725284576,
            0.10000193864107132,
            0.0999917984008789,
            0.0999852791428566,
            0.09998121112585068,
            0.09997870773077011,
            0.09997716546058655,
            0.09997619688510895
          ]
        ],
        "class_3": [
          [
            0.10002660751342773,
            0.10001706331968307,
            0.10000792145729065,
            0.10000108927488327,
            0.09999628365039825,
            0.09999311715364456,
            0.099991075694561,
            0.09998973459005356,
            0.09998886287212372,
            0.09998829662799835
          ],
          [
            0.10003601014614105,
            0.10002563893795013,
            0.1000128984451294,
            0.10000252723693848,
            0.09999512135982513,
            0.09999013692140579,
            0.09998690336942673,
            0.09998477250337601,
            0.09998344630002975,
            0.09998253732919693
          ],
          [
            0.10004173219203949,
            0.10003005713224411,
            0.10001516342163086,
            0.10000299662351608,
            0.09999429434537888,
            0.09998846054077148,
            0.09998469054698944,
            0.09998226910829544,
            0.09998070448637009,
            0.09997973591089249
          ],
          [
            0.10004567354917526,
            0.1000325158238411,
            0.10001622140407562,
            0.10000297427177429,
            0.09999358654022217,
            0.09998738765716553,
            0.09998340159654617,
            0.09998084604740143,
            0.09997927397489548,
            0.09997821599245071
          ],
          [
            0.10004852712154388,
            0.10003397613763809,
            0.10001663118600845,
            0.10000276565551758,
            0.099993035197258,
            0.09998666495084763,
            0.0999826043844223,
            0.09998001158237457,
            0.09997843205928802,
            0.09997738897800446
          ],
          [
            0.10005057603120804,
            0.10003483295440674,
            0.10001682490110397,
            0.10000252723693848,
            0.09999262541532516,
            0.09998616576194763,
            0.09998205304145813,
            0.09997951984405518,
            0.09997788816690445,
            0.09997688978910446
          ],
          [
            0.1000521183013916,
            0.10003542900085449,
            0.10001684725284576,
            0.10000232607126236,
            0.09999231994152069,
            0.09998583048582077,
            0.09998173266649246,
            0.09997916966676712,
            0.09997761249542236,
            0.09997662901878357
          ],
          [
            0.10005319863557816,
            0.10003578662872314,
            0.10001686215400696,
            0.10000216960906982,
            0.09999208152294159,
            0.09998558461666107,
            0.09998149424791336,
            0.09997895359992981,
            0.09997738897800446,
            0.09997642040252686
          ],
          [
            0.10005401819944382,
            0.10003601759672165,
            0.10001683980226517,
            0.10000205039978027,
            0.09999191761016846,
            0.09998540580272675,
            0.09998131543397903,
            0.09997881203889847,
            0.09997725486755371,
            0.0999763011932373
          ],
          [
            0.1000545546412468,
            0.10003617405891418,
            0.10001683235168457,
            0.10000193864107132,
            0.0999918058514595,
            0.0999852791428566,
            0.09998121112585068,
            0.09997870028018951,
            0.09997715801000595,
            0.09997620433568954
          ]
        ]
      },
      "integration": {
        "class_0": [
          [
            1.0
          ]
        ],
        "class_1": [
          [
            1.0
          ]
        ],
        "class_2": [
          [
            1.0
          ]
        ],
        "class_3": [
          [
            1.0
          ]
        ]
      }
    },
    "attention_weights": {
      "fast": {},
      "slow": {},
      "integration": {}
    },
    "final_loss": 0.8067144766008115,
    "final_accuracy": 80.05399932500843,
    "training_time": 0.0
  },
  "timestamp": "2025-08-01T18:37:25.621204"
}